年度,行業別,經常性薪資-薪資,經常性薪資-女/男,專業人員-薪資,專業人員-女/男,技術員及助理專業人員-薪資,技術員及助理專業人員-女/男,事務支援人員-薪資,事務支援人員-女/男,服務及銷售工作人員-薪資,服務及銷售工作人員-女/男,技藝_機械設備操作及組裝人員-薪資,技藝_機械設備操作及組裝人員-女/男,基層技術工及勞力工-薪資,基層技術工及勞力工-女/男
2014,工業及服務業部門,25634,97.72,32448,98.88,27401,98.71,24722,97.48,23654,98.19,24089,97.19,21195,97.97
2014,工業部門,25571,97.64,32357,98.53,27072,98.45,24726,97.47,24529,98.27,23750,97.22,21256,97.86
2014,礦業及土石採取業,25277,94.3,36509,99.45,30125,98.29,23188,96.2,23222,95.23,25806,89.91,21830,91.86
2014,石油及天然氣礦業,27857,…,38573,100,30125,98.29,25702,100,23625,100,23625,100,—,—
2014,砂、石及黏土採取業,23635,89.26,28250,96.52,—,—,22175,96.82,22505,84.86,26803,87.45,21830,91.86
2014,製造業,25481,97.76,32297,98.55,26875,98.47,24806,97.59,24492,98.21,23501,97.63,21046,98.32
2014,食品製造業,25307,98.1,32161,99.63,27869,98.7,25041,98.31,24358,98.48,23445,97.35,20694,97.43
2014,飲料及菸草製造業,30153,99.13,34018,99.85,32324,99.76,31185,99.73,30939,99.46,27393,98.93,22876,97.92
2014,紡織業,24852,95.86,31516,96.34,26822,96.38,24319,96.06,24017,96.15,23415,95.82,21518,97.81
2014,成衣及服飾品製造業,24389,96.49,31276,96.76,26770,99.19,24437,97.04,23353,98.33,22269,95.71,20549,97.96
2014,皮革、毛皮及其製品製造業,23579,97.66,28650,99.65,24927,98.9,23518,96.23,23253,100,22852,99.18,20748,95.89
2014,木竹製品製造業,24421,96.88,30889,100,27158,97.5,23532,95.36,23399,100,23155,96.03,22362,95.96
2014,紙漿、紙及紙製品製造業,25309,96.86,32236,98.17,26852,99.32,24690,96.21,25601,95.72,23964,97.42,21207,96.03
2014,印刷及資料儲存媒體複製業,24829,98.39,28474,98.8,26810,99.76,24249,97.15,25667,98.68,23922,99.33,20159,98.95
2014,石油及煤製品製造業,27141,99.3,35690,99.78,26928,97.53,26009,…,25031,100,25678,95.99,21037,100
2014,化學材料製造業,28593,96.16,36013,98.36,30154,96.15,27358,95.43,23823,96.66,26348,96.61,21299,99.56
2014,化學製品製造業,26852,97.11,33591,99.65,27722,99.35,25797,97.32,26531,99.31,24875,97.62,21697,99.08
2014,藥品及醫用化學製品製造業,25843,98.41,31257,98.84,27188,98.92,25547,97.67,22998,99.99,24537,97.86,21017,98.16
2014,橡膠製品製造業,24807,97.23,29972,97.94,25513,98.34,23972,97.7,24152,97.17,23626,97.55,22662,97.39
2014,塑膠製品製造業,24831,97.61,31154,98.33,26829,98.06,24558,97.82,25827,98.15,23027,97.68,20879,96.86
2014,非金屬礦物製品製造業,26710,96.29,33722,97.46,29041,96.97,25446,95.54,25853,95.79,25411,96.59,22153,99.74
2014,基本金屬製造業,24968,97.06,31159,98.79,26520,98.4,24074,96.32,24351,97.39,24239,96.91,20904,96.77
2014,金屬製品製造業,23988,97.79,30207,97.81,25591,98.45,23391,98.06,23867,97.71,22783,97.75,20843,99.09
2014,電子零組件製造業,26502,98.51,34013,98.85,27025,99.28,25642,98.57,25441,98.99,23365,98.61,21016,98.67
2014,電腦、電子產品及光學製品製造業,26327,98.75,33187,98.83,27074,99.24,25700,99.01,25108,99.58,22906,98.69,20960,99.83
2014,電力設備製造業,25266,97.62,32235,98.08,26542,98.23,24837,98.45,24146,98.17,23115,97.52,20732,98.81
2014,機械設備製造業,25230,97.72,30928,98.56,26496,98.23,24444,97.38,24370,97.51,23812,98.43,21090,98.21
2014,汽車及其零件製造業,24755,97.37,30742,97.53,26229,97.71,24387,96.16,22957,98,23387,97.93,21169,98.67
2014,其他運輸工具及其零件製造業,24924,96.92,30768,96.61,26474,97.81,24288,97.52,23799,98,23325,96.9,21269,97.5
2014,家具製造業,22961,97.91,27229,98.79,24765,98.88,22715,98.4,22043,97.44,22222,97.37,20825,97.32
2014,其他製造業,24548,98.42,31236,99.05,26341,98.96,23974,98.57,22840,99.15,22511,97.78,20861,98.65
2014,產業用機械設備維修及安裝業,26592,97.65,31788,99.45,29053,91.79,26028,95.53,28667,100,25321,98.61,21234,97.52
2014,電力及燃氣供應業,29426,97.49,36600,98.18,30074,98.54,27895,98.04,24950,100,26929,95.46,22368,94.7
2014,電力供應業,32193,96.87,37258,95.96,33004,98.9,30004,95.8,—,—,30449,99.89,20000,…
2014,氣體燃料供應業,28131,98.06,36161,99.61,28463,97.53,26698,99.81,24950,100,26049,99.15,22823,94.59
2014,用水供應及污染整治業,25601,98.65,32899,99.87,28552,99.46,24394,97.16,26957,100,25263,97.48,21557,97.35
2014,用水供應業,30056,99.48,38221,100,34003,99.16,29686,99.59,28873,100,26152,100,25627,100
2014,廢（污）水處理業,24287,95.55,29800,…,26143,100,23388,96.45,23000,…,22909,—,22692,83.2
2014,廢棄物清除業,23387,96.32,30375,99.18,25584,99.72,22519,99.13,24000,100,25003,89.89,21031,97.59
2014,廢棄物處理業,26860,97.42,32171,100,28433,98.38,23800,94.14,—,—,27535,97.35,23548,96.49
2014,污染整治業,23199,99.58,32666,100,24290,96.37,22149,99.5,—,—,22467,97.46,20473,98.6
2014,營造業,26275,96.47,31868,97.5,28383,98.83,23970,97.3,25075,99.74,26199,99.26,23127,96.6
2014,建築工程業,27097,97.4,31602,98.61,28746,99.29,24233,97.61,24200,100,27981,97.73,23345,99.53
2014,土木工程業,27945,96.07,33298,97.48,30277,98.02,24572,97.75,27167,100,28539,97.96,23637,97.4
2014,機電、管道及其他建築設備安裝業,25331,96.57,31627,97.01,26880,98.05,23805,97.9,24657,99.94,24844,99.27,22330,95.95
2014,其他專門營造業,25094,95.34,29564,96.92,26739,98.85,23303,96.69,26000,97.65,26001,97.49,23219,95.59
2014,服務業部門,25736,97.83,32594,99.4,27997,99.04,24716,97.5,23110,98.34,25343,97.72,21082,98.22
2014,批發及零售業,25069,97.57,31965,99.1,27276,99.83,24382,97.25,22876,98.66,24999,96.55,21585,97.84
2014,批發業,25710,97.39,32545,99.85,27239,99.83,24522,96.75,24698,98.26,25029,96.71,21536,97.92
2014,零售業,24042,97.64,31645,97,27182,99.77,23934,98.32,22173,99.13,24226,94.96,22266,98.31
2014,綜合商品零售業,24169,98.77,29851,99.73,27703,99.58,24313,98.46,21886,99.19,26517,97.56,21128,97.99
2014,運輸及倉儲業,26058,96.87,35428,99.17,28639,99.7,24513,95.98,25089,97.94,26520,97.6,21676,97.75
2014,鐵路大眾捷運系統運輸業,31723,100,37810,100,32465,100,30435,100,29844,100,30646,100,31020,…
2014,公共汽車客運業,25879,96.41,30151,97.63,26885,95.8,24881,96.64,22461,97.37,29654,98.71,21733,96.87
2014,其他汽車客運業,21923,92.82,—,—,—,—,21076,100.12,—,—,23059,91.66,19250,…
2014,汽車貨運業,23125,90.52,28150,100,24835,100,21514,100.67,20750,100,24771,86.19,20184,93.87
2014,海洋水運業,29854,97.05,37571,100,32654,99.73,26268,93.07,30800,100,28286,…,30000,…
2014,航空運輸業,30413,100.07,36007,100,33946,100,29573,100.39,28174,100,28227,100,22983,100
2014,港埠業,41692,100,57235,100,45210,100,30480,100,30480,…,30480,100,—,—
2014,其他運輸輔助業,24206,98.05,30832,94.24,24962,99.21,24186,96.68,24576,99.04,24939,99.96,20980,97.85
2014,倉儲業,25281,99.05,34125,99.27,29188,100,24185,96.86,23625,…,24387,97.12,21971,99.57
2014,郵政業,35326,100,43055,…,39392,…,36583,100,32136,100,34425,…,26713,…
2014,快遞服務業,24197,97.76,28442,100,27261,100,22656,96.9,—,—,24084,99.17,21280,100
2014,住宿及餐飲業,23013,98.44,29250,99.82,25590,99.16,23868,98.97,21647,98.45,24046,98.39,20671,98.85
2014,住宿服務業,23637,99.09,29604,99.68,25550,98.89,23427,100.02,22023,99.48,24200,98.36,20907,99.11
2014,餐館業,22260,97.85,28050,100,25967,99.51,24583,96.85,21396,98.05,25104,98.17,20550,98.43
2014,其他餐飲業,23167,98.81,29506,100,25229,100,24124,97.8,21969,98.4,22649,100,20274,99.5
2014,資訊及通訊傳播業,26498,98.35,30686,99.2,27461,99.5,24959,98.35,24062,99.27,24425,96.15,20981,99.87
2014,出版業,25562,98.47,29098,99.1,26599,99.4,24323,98.55,24405,96.82,23930,100,21255,99.12
2014,影片服務、聲音錄製及音樂出版業,24715,98.28,27800,100,26906,99.54,24449,95.47,22750,100,—,—,19564,100
2014,傳播及節目播送業,25447,98.53,29348,98.55,26722,99.26,25250,98.51,22536,99.59,24587,95.14,21238,…
2014,電信業,27029,98.76,32006,99.24,27619,99.31,25964,97.99,25194,99.66,23558,98.42,19273,…
2014,電腦系統設計服務業,27941,97.97,31732,99.93,28626,99.82,25244,98.59,25239,100.64,25381,90.39,21313,101.57
2014,資料處理及資訊供應服務業,27407,99.02,32269,99.02,27623,99.7,23788,99.8,25364,100,26000,…,—,—
2014,金融及保險業,30379,99.05,35898,99.93,31242,99.03,28854,98.83,25925,99.78,28985,96.74,22712,98.11
2014,銀行業,32756,99.54,38662,100.22,33524,98.92,31752,99.75,26469,99.9,32331,97.95,22701,96.27
2014,信用合作社業,25633,91.87,28914,…,28258,88.49,24479,93.04,20000,…,—,—,24100,—
2014,農會、漁會信用部,26304,99.2,29454,100,27401,99.95,26408,98.83,25899,99.02,21637,100,20459,…
2014,其他金融中介業,31972,100.18,35960,100.78,33091,100,30133,100,27400,100,30667,95.79,24800,…
2014,人身保險業,30112,98.01,35167,98.8,31978,99.47,28022,97.28,25366,100,28096,92.58,—,—
2014,財產保險業,27973,99.63,31631,99.43,28565,99.88,27127,99.79,25019,100,26011,98.79,21600,…
2014,其他保險及退休基金輔助業,41157,100,43595,100,43595,100,42920,100,26120,…,—,—,26120,…
2014,證券期貨及其他金融業,29456,99.3,35158,100.22,29508,99.15,27066,99.41,25787,99.87,28769,97.04,23100,…
2014,不動產業,26743,97.34,32126,99.84,28078,97.11,25198,97.99,25173,98.88,26848,99.01,22104,97.76
2014,不動產開發業,26706,97.73,30599,98.63,28028,99.86,25437,97.73,25361,98.63,26812,98.26,22650,96.9
2014,不動產經營及相關服務業,26779,96.93,34512,99.85,28114,95.2,24947,98.57,25045,98.86,26894,100,21319,100
2014,專業、科學及技術服務業,27202,97.23,32078,99.63,27558,98.31,25174,97.45,24420,98.6,24522,96.56,21145,96.87
2014,法律服務業,30406,97.92,38411,99.26,30586,100,24754,97.99,27800,—,—,—,23000,…
2014,會計服務業,26765,95.93,31214,97.29,25967,99.18,25280,94.66,—,—,—,—,—,—
2014,企業總管理機構及管理顧問業,26906,97.79,31653,99.61,27836,97.01,25850,98.14,25454,98.68,24668,96.88,21560,98.46
2014,建築、工程服務及技術檢測、分析服務業,28655,96.78,33369,99.98,28277,98.68,25557,97.84,—,—,26600,100,19983,98.13
2014,廣告業及市場研究業,24548,97.82,28465,99.48,25707,98.62,22728,99.65,22400,100,22682,93.13,19798,95.32
2014,專門設計服務業,27022,96.31,29359,99.41,28101,99.67,24632,98.84,24375,96,27500,…,23750,…
2014,其他專業、科學及技術服務業,24785,96.52,32821,98.92,24695,99.16,22560,93.59,20077,99.42,—,—,—,—
2014,支援服務業,23847,98.08,30432,98.63,26485,99.04,23781,97.95,23134,98.29,24492,97.92,20620,97.95
2014,租賃業,25066,95.97,30862,99.28,26692,99.38,23924,92.94,24059,99.21,25556,100,23071,88.89
2014,人力仲介業,24753,98.23,29286,98.19,24839,98.67,22874,103.96,19667,…,—,—,19273,—
2014,人力供應業,24419,98.85,30711,99.15,26335,99.7,24476,98.74,22562,100.23,24091,96.5,21435,97.72
2014,旅行及相關代訂服務業,22645,97.97,28867,94.41,25565,98.79,22171,97.94,21630,98.68,19273,…,19273,…
2014,保全及私家偵探服務業,24131,98.32,28683,100,27621,98.34,24756,97.59,23654,98.68,23322,100,19800,98.39
2014,建築物及綠化服務業,22877,97.86,30779,98.72,26664,99.19,23582,97.84,21854,95.48,25181,98.65,20393,98.88
2014,業務及辦公室支援服務業,25679,98.51,33286,100,28625,96.84,23337,98.2,24167,100,26371,…,21026,…
2014,教育服務業,23437,95.55,26277,97.85,25278,98.77,22325,95.75,22817,99.6,22545,88.74,20702,94
2014,醫療保健服務業,26867,99,35613,98.53,28643,98.43,24475,99,23798,99.76,26192,99.05,21239,99.9
2014,藝術、娛樂及休閒服務業,23475,98.01,29660,99.91,26806,99.25,22766,98.77,22632,98.24,23723,97.42,20565,98.62
2014,創作及藝術表演業,23772,96.98,29571,100,28500,—,21489,98.87,22000,…,21000,—,20637,100
2014,運動、娛樂及休閒服務業,23457,98.08,29680,99.89,26756,99.6,22898,98.74,22646,98.19,23748,97.22,20562,98.56
2014,其他服務業,22551,95.98,29500,99.66,24724,89.1,22867,96.91,22021,95.24,22861,98.83,20609,98.4
2014,個人及家庭用品維修業,22918,96.94,29560,100,23898,88.1,22592,96.43,23337,97.82,23062,99.79,20380,99.69
2014,美髮及美容美體業,20171,99.38,—,—,23758,…,21453,99.8,19856,99.82,20637,100,19830,96.97
2014,其他個人服務業,23936,96.17,29440,99.21,27533,91.87,23965,96.79,24782,95.75,22626,97.82,20912,97.86
